20090101122645 56717 47554 55980 46911 20090101122853 5
20090101122235 51779 47894 52534 46381 20090101122852 6
20090101121810 60495 38472 58371 35056 20090101122823 7
20090101115928 56411 42855 55175 43211 20090101120327 4
20090101120700 55147 42482 56323 42874 20090101121003 5
20090101122042 56313 42845 57338 41078 20090101122736 5
20090101122820 50529 38455 50529 38455 20090101122820 1
20090101120044 55773 41265 55566 40641 20090101120349 3
20090101120045 62575 38832 62102 38345 20090101120407 3
20090101121420 62443 35096 63050 25550 20090101122759 19
20090101120736 65538 42982 65916 43811 20090101121320 8
20090101122110 65312 43092 63735 43115 20090101122624 6
20090101122210 56169 45071 56459 43408 20090101122720 5
20090101120257 52750 43394 53009 40718 20090101120801 6
20090101120613 56968 44121 56798 42852 20090101120845 3
20090101122209 57077 43358 57478 42155 20090101122815 5
20090101122038 56475 42668 57218 46804 20090101122859 8
20090101121938 58491 38675 57618 36602 20090101122522 5
20090101120711 56308 44135 57094 45401 20090101121051 4
20090101121251 57491 45424 58382 45261 20090101121633 4
20090101120201 56380 39228 53599 38145 20090101121237 7
20090101120316 50880 46291 52612 46151 20090101121130 8
20090101122453 46783 42171 46379 43291 20090101122823 3
20090101120159 52288 44238 52408 42651 20090101120831 5
20090101115914 56031 43518 56225 42638 20090101120142 3
20090101120751 55603 43848 54613 43321 20090101121056 3
20090101115925 49674 43564 49302 42818 20090101120550 5
20090101121252 49058 43117 48167 46981 20090101122439 7
20090101122639 47979 47054 47979 47054 20090101122654 2
20090101120040 53951 36929 53675 38715 20090101120619 4
20090101121026 53713 38575 53084 38218 20090101121459 9
20090101120057 59173 30490 59479 25534 20090101121203 10
20090101120002 57354 34866 57922 34529 20090101120210 4
20090101120410 58084 34762 58808 36875 20090101121724 8
20090101115904 48729 47084 45443 49857 20090101121621 11
20090101120833 58791 41955 58906 40758 20090101121335 4
20090101122807 58775 41931 59468 41735 20090101122900 2
20090101122539 56287 26707 55461 28086 20090101122826 3
20090101122043 61835 41342 60661 42941 20090101122843 5
20090101115923 54707 42221 54298 42038 20090101120055 2
20090101115946 58708 39418 57589 40908 20090101120635 6
20090101121837 56968 39675 59750 39622 20090101122857 8
20090101121458 62039 38472 61424 39562 20090101122439 9
20090101122624 61540 39602 61711 39905 20090101122824 2
20090101115904 47409 29087 44812 26420 20090101120843 15
20090101121632 51215 44211 51811 43361 20090101122001 3
20090101122503 49136 40945 49152 41264 20090101122706 3
20090101120932 53533 44265 54575 43784 20090101121336 5
20090101120800 57377 43365 56890 44648 20090101121327 5
20090101121410 56928 44648 55886 42428 20090101122548 8
20090101120950 57971 43765 56313 42321 20090101121716 6
20090101121821 56051 42168 55555 39378 20090101122637 6
20090101115956 50932 41428 62698 35449 20090101122900 30
20090101122843 53511 44371 53509 44371 20090101122900 4
20090101122046 49982 44238 49741 45834 20090101122616 6
20090101120017 52486 45941 52486 45944 20090101120105 2
20090101120521 52591 45247 53507 44451 20090101121240 6
20090101122556 52524 45854 52651 43221 20090101122853 5
20090101122627 50440 44048 49849 43497 20090101122828 5
20090101121119 54244 44941 54959 44848 20090101121550 7
20090101122344 55886 43955 56018 42688 20090101122752 3
20090101121950 56713 39851 54276 37086 20090101122841 6
20090101120021 57263 39468 55976 36092 20090101121352 8
20090101122428 55042 34386 55213 35482 20090101122828 3
20090101122346 59830 37382 58924 37315 20090101122747 3
20090101122613 53880 40662 55213 41408 20090101122847 3
20090101120504 49969 44214 49216 45588 20090101121224 5
20090101122633 49974 44224 49555 44534 20090101122834 2
20090101121841 52276 44234 52238 43421 20090101122041 2
20090101122144 51518 43374 50932 43681 20090101122305 4
20090101120328 58613 42571 55786 39058 20090101121632 10
20090101122246 56835 40082 56065 42038 20090101122833 4
20090101120009 59641 30056 63024 25601 20090101121144 11
20090101121927 51577 41392 49733 42194 20090101122755 11
20090101115921 49760 43085 56065 37679 20090101122747 20
20090101121332 50529 40041 51612 39752 20090101121537 4
20090101120049 58194 42715 58094 41175 20090101120736 5
20090101122550 58404 44751 57739 45075 20090101122701 2
20090101115946 58797 40625 57475 39525 20090101120515 5
20090101120837 56798 38898 57933 39922 20090101121429 4
20090101121455 57913 39995 56442 38769 20090101122145 5
20090101121929 57036 37232 54011 36869 20090101122809 6
20090101120344 60102 33396 59002 32106 20090101120948 5
20090101121149 58531 32009 58531 32009 20090101121219 2
20090101121627 58018 32006 59367 29613 20090101122836 9
20090101120704 58360 35039 57634 35686 20090101121522 6
20090101121850 57049 35342 59295 35123 20090101122839 8
20090101121305 51351 42078 50383 44084 20090101122223 7
20090101122458 50319 44125 51676 43358 20090101122858 3
20090101120644 54226 42975 53640 43774 20090101121121 4
20090101121646 54113 44734 53409 43674 20090101122113 8
20090101120038 49332 44731 47517 45381 20090101120759 5
20090101121206 46727 44704 46727 44704 20090101121206 1
20090101122505 46291 44674 46499 44594 20090101122709 2
20090101122221 63471 25244 60368 32543 20090101122851 10
20090101120929 52628 42805 50162 43068 20090101121825 9
20090101120418 47357 48044 45592 46537 20090101121351 6
20090101122231 46860 48141 48487 48860 20090101122825 4
20090101120635 56632 39908 58437 40352 20090101121157 5
20090101120841 59702 41729 59783 39672 20090101121733 6
20090101120001 54157 45884 54217 45545 20090101120041 3
20090101121200 54064 47991 52797 46774 20090101121620 10
20090101115923 57729 34663 55786 37319 20090101120705 8
20090101121521 55305 40215 54467 40898 20090101121819 3
20090101122031 53942 40748 53242 40765 20090101122454 10
20090101122835 52857 41135 52857 41135 20090101122835 1
20090101122254 64437 38612 64237 39058 20090101122454 2
20090101120552 67161 42338 67116 40375 20090101120915 5
20090101120941 67146 40385 66871 41002 20090101121209 3
20090101115901 51848 37409 51600 37432 20090101120031 3
20090101120531 51945 38468 52642 38398 20090101120735 3
20090101120646 47875 52557 50684 52910 20090101121620 7
20090101121629 50688 52907 48953 52334 20090101122357 6
20090101120308 57386 42575 56823 42938 20090101120508 2
20090101120708 56898 43548 57767 44418 20090101121114 5
20090101122340 57202 42602 56429 42848 20090101122618 3
20090101115936 59654 41735 60131 41072 20090101120114 2
20090101120314 60742 40855 61097 40772 20090101120615 3
20090101115917 60455 43991 60455 43991 20090101120009 2
20090101115956 60509 38898 60881 38412 20090101120335 3
20090101120756 54663 42201 54235 42711 20090101121238 4
20090101121337 54238 42732 53956 42568 20090101121537 2
20090101121746 53742 42292 53615 42272 20090101122142 3
20090101115914 51182 45918 51325 46301 20090101120018 2
20090101121020 50593 45547 52647 42728 20090101122106 7
20090101120011 45789 41055 44897 40424 20090101120434 4
20090101115919 58688 45298 57784 47384 20090101120702 6
20090101121259 58126 46298 58806 44751 20090101121825 4
20090101122025 58469 44524 57902 41965 20090101122823 5
20090101120020 49671 44438 49952 44261 20090101120151 2
20090101120506 50832 43745 52650 44335 20090101121048 13
20090101122244 53549 44375 52767 44848 20090101122708 8
20090101120955 53763 32543 51971 33206 20090101121835 7
20090101115909 58795 35912 58128 34782 20090101120046 3
20090101121934 60026 32466 59467 31883 20090101122121 3
20090101122321 59213 31829 59232 31980 20090101122441 4
20090101120308 54112 35202 52198 35829 20090101121212 6
20090101120608 50108 39428 49190 46987 20090101122821 13
20090101122343 57862 45298 57448 46101 20090101122747 3
20090101122832 67048 47941 67038 47931 20090101122836 2
20090101120054 56424 41625 56424 41625 20090101120443 3
20090101121038 60073 36379 60297 38456 20090101122236 8
20090101120016 58557 39005 58677 39019 20090101120205 2
20090101121511 46555 41784 47590 43344 20090101122719 8
20090101122347 49525 41568 49405 39338 20090101122828 4
20090101122758 50034 42458 50034 42458 20090101122758 1
20090101122027 49451 46564 51473 46021 20090101122837 6
20090101121349 61828 41325 63145 40055 20090101122423 7
20090101122732 52955 45561 52955 45561 20090101122732 1
20090101120408 58417 48757 59582 48774 20090101121023 5
20090101122032 60638 46984 59780 47051 20090101122427 3
20090101120917 53562 44265 51791 44998 20090101121707 13
20090101120618 51171 44264 50500 45594 20090101121205 4
20090101115941 63026 40275 63022 39679 20090101120238 3
20090101120443 46774 46667 46054 46064 20090101120905 4
20090101121634 57028 37276 55628 35826 20090101122339 5
20090101121333 48743 47257 51185 44468 20090101122630 10
20090101121927 59877 42892 59154 42578 20090101122308 3
20090101115934 55568 41762 57860 41595 20090101120559 6
20090101120711 57836 41432 59591 41128 20090101121350 5
20090101121853 59764 42602 58770 41965 20090101122213 3
20090101122242 58612 30109 59094 28883 20090101122819 5
20090101121051 56195 42565 54559 42622 20090101121717 5
20090101122336 55195 42515 56002 42241 20090101122655 3
20090101115930 46896 44324 48947 43605 20090101120725 6
20090101122537 48176 46434 48438 45838 20090101122744 3
20090101120055 61871 44715 62175 44855 20090101120307 3
20090101121939 61290 49351 61132 48231 20090101122434 5
20090101115953 49742 48760 49742 48760 20090101115957 2
20090101115909 52467 41541 52664 42478 20090101120250 3
20090101120305 54008 40728 55369 41081 20090101120714 4
20090101120026 56164 46274 56809 46234 20090101120151 2
20090101120201 56809 46234 58393 45245 20090101120525 5
20090101121055 58397 45081 56851 46205 20090101121627 7
20090101122203 58477 52190 57799 53784 20090101122823 4
20090101120231 57877 41282 58178 39102 20090101120703 4
20090101121129 57681 37655 57226 37009 20090101121644 5
20090101121909 57606 37112 57606 37459 20090101122109 2
20090101122309 57012 37775 56827 38925 20090101122610 4
20090101115957 62513 46418 62723 48761 20090101120900 6
20090101115909 63814 48108 64630 48101 20090101120835 7
20090101121815 64082 48848 64468 50448 20090101122148 4
20090101122432 64383 50154 64145 50051 20090101122832 3
20090101120031 62152 44908 62290 42588 20090101120800 5
20090101120945 62446 41742 60062 35459 20090101122403 12
20090101121508 53549 44371 52791 43758 20090101122007 4
20090101121853 60761 43761 59956 45635 20090101122338 4
20090101120301 65428 44311 62299 44565 20090101121558 8
20090101122558 63204 46641 63394 46865 20090101122758 2
20090101115902 58395 43558 57678 43511 20090101120047 2
20090101120247 56995 43361 56302 43112 20090101120613 3
20090101121808 59333 43005 59902 42905 20090101122203 3
20090101120230 61525 40132 64742 40955 20090101121244 7
20090101121539 64481 41502 64114 44501 20090101122516 6
20090101120001 61766 41172 61789 41225 20090101120116 2
20090101120447 56939 38088 57520 36659 20090101121333 6
20090101121912 58018 37385 56973 37429 20090101122208 4
20090101120033 61276 49444 63969 45602 20090101121522 11
20090101120014 63696 46542 62435 45065 20090101120719 12
20090101121426 62871 47008 62635 48561 20090101122026 5
20090101120358 59531 51550 59305 50054 20090101120758 4
20090101120941 59274 50624 58004 51350 20090101121422 4
20090101122118 58843 50241 58830 50284 20090101122132 3
20090101115930 76724 44952 77977 46445 20090101120538 8
20090101120440 68750 53997 67896 53924 20090101121121 14
20090101120534 69238 52460 68680 53354 20090101121020 5
20090101121843 68887 53827 69925 52024 20090101122544 6
20090101122631 69932 52041 69863 52984 20090101122852 5
20090101120557 68081 53334 68118 51664 20090101121220 13
20090101122825 67366 54487 67366 54487 20090101122825 1
20090101115909 67573 47538 59591 43495 20090101122808 17
20090101115909 64205 47218 64506 46878 20090101120208 4
20090101122259 63652 48448 63409 46841 20090101122814 5
20090101115931 54807 38302 53637 38085 20090101120351 4
20090101120711 53146 36842 49844 35998 20090101121656 9
20090101121843 49146 35772 47674 34652 20090101122756 17
20090101121818 62850 46084 63679 45305 20090101122142 3
20090101115906 61485 46558 61210 46651 20090101120106 2
20090101120306 60893 46421 60941 46391 20090101120426 2
20090101121435 62182 46294 62910 46831 20090101121905 4
20090101122106 63034 46848 63220 46275 20090101122540 11
20090101120012 62218 46335 61850 46431 20090101120642 5
20090101120648 61853 46428 61663 44208 20090101122105 10
20090101121008 54206 54047 55115 54673 20090101121444 10
20090101115916 55653 54623 55345 55143 20090101120402 8
20090101122327 55568 54606 55642 53120 20090101122806 5
20090101122215 61821 41302 62777 40659 20090101122815 4
20090101120557 63454 48205 62812 48961 20090101121201 4
20090101121618 62930 49228 62581 47515 20090101122239 6
20090101122331 62584 47444 62281 46408 20090101122733 4
20090101122749 56499 38708 56499 38708 20090101122749 1
20090101120028 62144 41559 63155 41505 20090101120514 4
20090101121649 61667 46482 62324 43952 20090101122713 8
20090101115947 53615 45391 53826 46581 20090101120438 4
20090101121244 53671 45464 53908 45934 20090101121448 3
20090101121648 54064 46461 54020 47487 20090101122001 3
20090101122828 53992 46111 53992 46111 20090101122828 1
20090101120911 61607 47495 61153 46145 20090101121403 4
20090101121551 60821 46048 60010 44881 20090101122307 5
20090101115956 62039 39462 62009 39289 20090101120118 2
20090101122307 63258 35152 64403 36529 20090101122659 4
20090101120136 59290 50057 59349 48604 20090101120842 5
20090101120458 69935 52011 65059 45728 20090101122402 13
20090101120444 64624 46372 62963 45775 20090101121319 12
20090101120232 64343 43685 64099 44928 20090101120806 4
20090101121917 64090 43662 63192 43328 20090101122328 4
20090101120115 51528 54860 53596 51251 20090101121232 12
20090101115914 59921 48471 59128 48607 20090101120146 3
20090101120246 59141 48591 59311 50057 20090101120752 4
20090101115908 56361 38582 53663 37855 20090101120822 9
20090101121858 53756 37455 53374 36555 20090101122333 4
20090101121451 61553 41482 61793 40398 20090101122051 5
20090101121910 53757 46924 52679 50493 20090101122858 7
20090101120651 52182 44861 52656 42665 20090101121220 7
20090101121320 52656 42665 51800 41471 20090101121802 5
20090101121131 63890 45948 65219 44711 20090101122046 8
20090101120135 61774 48308 61657 47534 20090101120456 3
20090101120742 61308 47158 60131 45611 20090101121520 8
20090101122233 58895 47004 59217 46391 20090101122437 3
20090101122637 58587 46114 58170 45901 20090101122837 2
20090101120039 62296 42888 62805 40502 20090101120803 6
20090101120235 58308 38869 59094 38439 20090101120633 3
20090101122148 58795 39159 57727 38252 20090101122444 3
20090101122558 57797 38705 57191 39165 20090101122720 2
20090101120029 61179 41052 61380 40985 20090101120226 2
20090101120049 62790 50811 62224 48944 20090101120600 5
20090101120011 66663 46885 65289 42971 20090101121142 7
20090101121141 66166 41185 66166 41185 20090101121141 1
20090101121345 65579 41595 65561 41952 20090101121452 2
20090101120021 58886 35915 59337 36662 20090101120518 4
20090101121809 58770 34239 58062 37262 20090101122643 6
20090101122746 58074 37252 58074 37252 20090101122746 1
20090101115914 53128 37355 54344 32649 20090101121103 19
20090101122047 54758 34142 57764 35876 20090101122849 6
20090101120036 62896 49321 62703 48715 20090101121604 16
20090101122110 62581 47498 60520 48944 20090101122825 7
20090101115931 62736 53004 65013 51577 20090101120855 8
20090101120913 64995 51534 66202 51187 20090101121403 12
20090101121613 65318 51240 61866 49704 20090101122650 8
20090101120733 69274 53001 69913 52024 20090101121045 5
20090101121117 69941 52044 69324 52574 20090101121521 3
20090101121721 68887 52887 68875 53134 20090101121942 3
20090101122616 69941 52044 69859 52731 20090101122821 3
20090101115912 50266 35552 47980 35245 20090101120926 10
20090101122419 49420 34463 49127 35991 20090101122833 6
20090101121937 52244 35422 50769 34213 20090101122618 5
20090101120025 57824 49754 57480 49184 20090101120334 3
20090101121402 58020 48781 59154 47954 20090101122246 7
20090101122405 59213 47858 59390 48861 20090101122805 3
20090101122516 62124 44548 62026 44038 20090101122716 2
20090101120522 62772 51474 62817 52404 20090101120708 3
20090101122050 62844 53537 63293 54847 20090101122731 10
20090101120025 59577 41122 60311 43375 20090101121550 9
20090101115910 57382 37152 57927 36992 20090101120238 3
20090101120454 57657 37615 55067 37692 20090101121332 6
20090101121707 56069 38389 58892 40735 20090101122810 7
20090101115953 57922 47421 59975 44905 20090101120655 7
20090101121700 59903 46935 57242 49614 20090101122719 7
20090101121724 63535 41605 64053 40202 20090101122641 6
20090101122726 64053 40202 64053 40202 20090101122726 1
20090101115954 57738 38759 58148 38849 20090101120205 3
20090101120041 45225 43914 45930 40511 20090101121245 8
20090101121945 45416 42244 45209 43927 20090101122329 4
20090101120031 51802 40385 51804 40385 20090101120035 2
20090101121617 55291 39048 55942 38455 20090101121947 3
20090101115932 59412 41081 59390 42222 20090101120528 5
20090101120317 55264 35539 56256 35932 20090101120610 4
20090101120023 47550 40984 48426 39765 20090101120522 4
20090101122238 48356 41882 46812 42164 20090101122816 4
20090101115934 49410 48130 49405 47821 20090101120056 2
20090101121627 49537 48724 50279 50660 20090101122317 5
20090101115920 58104 44922 58041 44948 20090101115955 3
20090101122042 53767 42901 56018 43355 20090101122841 5
20090101120050 58168 37112 58168 37112 20090101120050 2
20090101115915 55424 35669 58673 36892 20090101120914 7
20090101122558 56459 39108 56706 39835 20090101122758 2
20090101120004 49801 53007 50852 52790 20090101120422 4
20090101121309 50904 52873 50024 52730 20090101121754 5
20090101121937 59217 38552 57164 40345 20090101122858 6
20090101120055 54960 43258 53518 44288 20090101120750 9
20090101120038 55117 54723 53148 55990 20090101120607 11
20090101122232 54726 54203 54748 54223 20090101122239 2
20090101122439 55153 53797 56458 51897 20090101122858 9
20090101121324 43841 43814 43171 42621 20090101121830 4
20090101122346 43781 44161 43961 45437 20090101122746 3
20090101120020 49371 49583 49213 49583 20090101120229 3
20090101121709 47690 49730 48763 48298 20090101122442 5
20090101122724 48276 47760 48276 47760 20090101122724 1
20090101120227 45162 44047 43923 44474 20090101120640 4
20090101121819 45162 44031 46033 44821 20090101122441 5
20090101120228 43841 43821 43841 43821 20090101120228 1
20090101120428 43309 43337 42608 41298 20090101121226 6
20090101120215 51804 41475 52885 41651 20090101120524 4
20090101121145 52644 42668 52924 43391 20090101121442 3
20090101121552 52946 43681 52125 43495 20090101122153 5
20090101120424 53902 39868 53918 39122 20090101121023 5
20090101121550 53680 37682 53680 37679 20090101121635 2
20090101120235 61625 47485 63454 50287 20090101121034 7
20090101121641 64223 49951 62500 47601 20090101122809 12
20090101120141 48118 36458 48067 36508 20090101120209 6
20090101120400 47768 37289 47630 39308 20090101120801 6
20090101121307 48018 37535 47963 42421 20090101122746 12
20090101120117 46214 39575 49849 42871 20090101122413 13
20090101122613 49765 43331 49765 43331 20090101122733 2
20090101120737 48175 36482 47065 41394 20090101122433 12
20090101120032 42343 39191 41885 41304 20090101120552 5
20090101115943 57559 41928 61488 43135 20090101121415 10
20090101115913 59222 38049 59207 38179 20090101120023 2
20090101121312 55882 31876 59377 37065 20090101122707 11
20090101120934 56646 45188 59008 44698 20090101121627 7
20090101122323 63022 47815 61843 47428 20090101122731 5
20090101115949 64916 53077 68194 52101 20090101120827 8
20090101122143 64630 49618 63283 49961 20090101122743 4
20090101120741 60826 53047 60965 53040 20090101120900 2
20090101122218 62799 53001 65614 53057 20090101122803 7
20090101115912 51250 33432 51020 33292 20090101120127 6
20090101120358 59251 34986 58873 35209 20090101120558 2
20090101120758 58770 35939 58258 36612 20090101121056 3
20090101121754 58377 35065 57650 35689 20090101122139 3
20090101122746 58217 34799 58217 34799 20090101122746 1
20090101120325 53194 48204 51816 48037 20090101120932 5
20090101121422 52493 54343 51877 53624 20090101121823 4
20090101120029 60528 44648 61625 43755 20090101120638 5
20090101121119 61585 43978 59948 48611 20090101122332 9
20090101120942 53707 46734 49810 44328 20090101122214 11
20090101120749 55297 51740 54475 51247 20090101121107 3
20090101121846 55531 51987 55534 51994 20090101121853 3
20090101122101 55814 52524 55097 54990 20090101122723 8
20090101122207 67706 41142 67152 42375 20090101122648 5
20090101120016 64088 52438 64263 51757 20090101120205 4
20090101122040 58554 52477 58190 52090 20090101122229 2
20090101122611 57844 52924 57380 53350 20090101122850 7
20090101121958 52460 34192 53096 35556 20090101122451 5
20090101115958 65426 41165 65426 41165 20090101120050 3
20090101121450 67167 40749 64832 37785 20090101122434 7
20090101115928 50814 34126 50814 34126 20090101115936 3
20090101120136 50329 34642 49730 34585 20090101120532 7
20090101122652 50980 39925 51319 40568 20090101122852 2
20090101120028 58714 44518 59439 44638 20090101120342 3
20090101120433 59487 44631 59986 44858 20090101120633 2
20090101120833 60477 44651 62202 44905 20090101121500 7
20090101122422 61566 45851 60686 45008 20090101122822 3
20090101120801 58551 39032 57534 39945 20090101121346 5
20090101122709 57891 36719 57891 36719 20090101122709 1
20090101121334 54071 47504 56564 41912 20090101122738 11
20090101120607 58983 30736 57879 30243 20090101121404 6
20090101122434 58902 30116 59204 27480 20090101122851 4
20090101115940 56999 38635 55993 38565 20090101120623 5
20090101120921 52712 42265 55656 42741 20090101121952 9
20090101120100 53198 36399 52396 35582 20090101120527 8
20090101120731 52344 35363 59387 39662 20090101122834 15
20090101115909 52702 33156 47862 22547 20090101121022 20
20090101121148 47766 21687 50434 20531 20090101122840 12
20090101120137 50494 35769 51389 35332 20090101120447 3
20090101120801 51876 35436 52269 35986 20090101121032 3
20090101120025 44805 44734 44671 44974 20090101120238 3
20090101120304 55502 46361 52171 49734 20090101122111 17
20090101115939 55502 42705 55603 42571 20090101120150 2
20090101122242 60386 43148 59377 43955 20090101122709 4
20090101121320 57109 42615 56411 42605 20090101121724 4
20090101122704 55944 42345 55944 42345 20090101122704 1
20090101120023 52651 47571 52987 47447 20090101120210 2
20090101120231 46527 43105 46667 43941 20090101120628 3
20090101120955 46737 43968 47523 43827 20090101121554 4
20090101122132 46577 41478 47227 43054 20090101122735 5
20090101121422 52590 37958 54644 38312 20090101122815 18
20090101120020 51486 43008 51724 41562 20090101120552 4
20090101120852 52244 41548 52279 39898 20090101121820 6
20090101122636 52233 38468 52697 38371 20090101122841 3
20090101120258 50987 42365 45228 40451 20090101122835 16
20090101120554 51080 45321 52047 44891 20090101120813 4
20090101121525 52515 45117 52303 44315 20090101122012 5
20090101122828 51710 45034 51710 45034 20090101122828 1
20090101120053 53172 48997 53688 46821 20090101121058 7
20090101121340 52769 46364 52615 43391 20090101121855 6
20090101121159 61086 40588 64199 41479 20090101122237 8
20090101115923 62723 38415 63730 38346 20090101120330 4
20090101121340 62100 38345 63984 40249 20090101122030 5
20090101122513 63966 40002 63046 40195 20090101122845 4
20090101120407 59046 32433 57524 31790 20090101120941 4
20090101121141 57307 31749 56538 29453 20090101122514 10
20090101120021 56927 52543 56927 52543 20090101120029 3
20090101120230 57238 51857 57318 51891 20090101120333 4
20090101120844 56961 52731 57857 53023 20090101121231 9
20090101121241 57868 53017 57308 52671 20090101121650 6
20090101122534 57873 52990 57226 53217 20090101122754 5
20090101115907 59019 43338 59493 42608 20090101120415 4
20090101120642 59124 42362 59368 40568 20090101121517 6
20090101115905 54185 53653 54226 54030 20090101120115 2
20090101121718 54439 52717 52058 53227 20090101122559 9
20090101120253 51159 37368 47487 39069 20090101121739 10
20090101120524 46420 40598 47193 43101 20090101122622 13
20090101122823 47305 42597 47305 42597 20090101122823 1
20090101120454 59230 47831 58708 49731 20090101121133 5
20090101115908 51221 37345 51212 37349 20090101120111 3
20090101121133 52757 36699 55794 39095 20090101122720 18
20090101121142 54392 40508 56326 42338 20090101121922 6
20090101122141 56508 42375 55738 41914 20090101122414 4
20090101115947 52631 42771 56187 42568 20090101121318 22
20090101115953 54693 36332 54733 36345 20090101120039 2
20090101120646 53989 36325 57031 37292 20090101121630 8
20090101122106 57436 36602 56942 34949 20090101122618 4
20090101122709 56907 34882 56895 34869 20090101122713 2
20090101121338 53625 44844 53911 44814 20090101121942 4
20090101122126 54609 44645 55943 44214 20090101122716 6
20090101122752 56149 42501 56149 42501 20090101122752 1
20090101122059 59780 39662 59251 40879 20090101122707 5
20090101122300 53677 40805 52707 42224 20090101122809 5
20090101122358 52735 47074 52791 44804 20090101122803 10
20090101121749 59046 28767 60379 31296 20090101122812 12
20090101121450 62484 34946 60695 42895 20090101122849 14
20090101120032 60688 53320 60683 53324 20090101120045 2
20090101121843 63491 52894 63167 51764 20090101122357 4
20090101122520 63167 51764 63167 51764 20090101122720 2
20090101122724 64119 44958 64119 44958 20090101122724 1
20090101115953 58685 46748 56624 46151 20090101120855 8
20090101121628 58472 46058 58459 46751 20090101121837 3
20090101120017 52049 37349 51098 37822 20090101121636 12
20090101121836 51315 38419 51130 38652 20090101122013 2
20090101120431 53885 35425 49627 43804 20090101122841 19
20090101115936 40903 36159 39858 30079 20090101121924 40
20090101122332 39104 28909 39675 28586 20090101122648 6
20090101120729 59226 35006 59217 40272 20090101122050 9
20090101122258 59368 40422 59420 40439 20090101122535 3
20090101120221 50914 41442 52061 41562 20090101120549 3
20090101120712 52131 41588 53294 43321 20090101122256 11
20090101122006 55222 43198 56302 42874 20090101122333 4
20090101122402 56340 42941 56925 43735 20090101122724 3
20090101120033 62308 42359 64017 44751 20090101120748 7
20090101115957 56738 38095 59401 36152 20090101122642 15
20090101122842 59746 36196 59746 36196 20090101122842 1
20090101122235 56782 46255 58404 45068 20090101122818 5
20090101120122 58833 33389 62625 34482 20090101122859 20
20090101120807 47301 43538 44171 45357 20090101122827 13
20090101115924 61295 51617 59249 57956 20090101121526 19
20090101121726 59439 58689 59821 60362 20090101122327 5
20090101120005 62730 48775 61528 49891 20090101120748 14
20090101120032 64724 52884 62746 52991 20090101120918 14
20090101115951 62409 46458 56223 42631 20090101122458 16
20090101115930 63692 44758 63728 44748 20090101120014 2
20090101122531 66870 44439 66643 44195 20090101122857 4
20090101120003 55969 42688 55996 42445 20090101120147 2
20090101120019 56706 47371 57126 47607 20090101120455 6
20090101122825 56217 42615 56217 42615 20090101122825 1
20090101120528 65485 43225 64516 42822 20090101120859 6
20090101121814 65488 43122 65388 40712 20090101122420 6
20090101120728 69633 37590 72083 38820 20090101122110 13
20090101121940 54219 54043 51077 54260 20090101122850 21
20090101121243 45120 43888 44516 42958 20090101121732 4
20090101122405 45039 41681 45711 41011 20090101122809 4
20090101115927 52303 40052 52303 40052 20090101115932 2
20090101120508 48414 45107 46813 48007 20090101121637 9
20090101115958 50992 49800 50687 51130 20090101120501 5
20090101122123 48077 48460 48585 46701 20090101122731 6
20090101120417 55816 39435 58328 37242 20090101121358 6
20090101115911 57182 43778 56308 43014 20090101120354 5
20090101121727 56217 42808 54984 44028 20090101122253 5
20090101120413 60424 46048 61553 46958 20090101121940 9
20090101122854 60827 46561 60827 46561 20090101122854 1
20090101121422 52534 45877 52331 44308 20090101121845 4
20090101122602 52524 45854 52669 43661 20090101122833 7
20090101115914 55814 42908 59383 40499 20090101121611 10
20090101115901 46740 43998 47558 45414 20090101120603 5
20090101120217 53258 35329 54202 37269 20090101121124 6
20090101121600 53703 36325 52272 38462 20090101122433 7
20090101122632 51724 38482 51207 38448 20090101122832 2
20090101115936 53826 42548 55698 41428 20090101120737 8
20090101122403 56524 43784 56877 43385 20090101122806 4
20090101121027 56724 43025 56346 42702 20090101121704 5
20090101121711 56346 42702 54882 44158 20090101122900 12
20090101115923 63679 45291 63679 45291 20090101115931 3
20090101120532 62290 46418 61972 46175 20090101120748 4
20090101120948 61563 46508 58557 48894 20090101122701 12
20090101115936 45118 47477 45118 47477 20090101115936 1
20090101120136 44536 47467 41614 48117 20090101121349 8
20090101121122 49976 44271 49916 43037 20090101121536 7
20090101121652 49785 43041 49978 44125 20090101122109 4
20090101120016 52770 55999 52770 55990 20090101120103 2
20090101121125 52066 53200 52493 51707 20090101121809 8
20090101122724 51883 52050 51883 52050 20090101122724 1
20090101120816 58116 36755 56049 32170 20090101122852 12
20090101115958 54067 40055 53839 41548 20090101120527 5
20090101121749 52945 41665 52141 41568 20090101121942 3
20090101121945 52105 41571 51545 41378 20090101122144 2
20090101122231 51524 41372 49934 42081 20090101122754 4
20090101122751 52954 40285 52954 40285 20090101122751 1
20090101121422 61198 41848 61817 41292 20090101122214 5
20090101120505 57410 42191 57839 41438 20090101120848 3
20090101122718 57593 39968 57593 39968 20090101122718 1
20090101120020 62186 41979 65377 43372 20090101121328 13
20090101120042 57434 41428 57376 40845 20090101120206 2
20090101122316 58657 39855 59461 38889 20090101122716 3
20090101115941 59648 36775 60297 38458 20090101120419 4
20090101115951 52951 40861 52855 41151 20090101120057 2
20090101122156 53187 40191 53674 37712 20090101122855 8
20090101120029 57285 40378 59063 40125 20090101120825 6
20090101121710 58125 40311 58848 38802 20090101122353 5
20090101121222 56175 42868 55053 42418 20090101121505 3
20090101122552 54907 43595 54915 43264 20090101122756 3
20090101120146 52602 48221 51644 48757 20090101121430 9
20090101121752 52213 48694 53306 46141 20090101122802 7
20090101121715 53682 37668 53688 38959 20090101122220 8
20090101122502 53807 38891 53803 37555 20090101122857 3
20090101120031 60057 37202 59577 37382 20090101120431 3
20090101120631 59257 37459 59223 37429 20090101120914 4
20090101121148 58951 37925 60245 39308 20090101121950 6
20090101122252 59821 39079 59829 37095 20090101122749 4
20090101120108 48948 45258 50273 48854 20090101121331 8
20090101120047 56641 36202 56225 36932 20090101120229 3
20090101120456 55678 37475 54672 36956 20090101120932 4
20090101120007 55257 42555 56004 42238 20090101120405 4
20090101121046 54376 40868 53122 40348 20090101121437 4
20090101121549 52845 41275 50788 46901 20090101122753 16
20090101120305 56362 38612 57581 38112 20090101120934 5
20090101120936 57971 42744 58990 42631 20090101121331 4
20090101115951 69490 39585 70080 41079 20090101120414 10
20090101121105 67899 42169 64870 39286 20090101122407 12
20090101122542 64799 39029 64780 38759 20090101122742 2
20090101115916 57867 47198 56562 47004 20090101120857 7
20090101121145 56890 46988 57380 46837 20090101121709 5
20090101121936 57380 46837 58055 48248 20090101122744 5
20090101120008 44654 47477 46361 54683 20090101122355 14
20090101122555 45976 55003 44948 55796 20090101122855 3
